6e49 4620 726f 6962 6464 6e65 4620 726f
7365 2774 2073 6873 6461 776f 2c73 6220
6e65 6165 6874 7420 6568 5720 6f68 706d
6e69 2067 6957 6c6c 776f 202c 2061 6f66
6772 746f 6574 206e 6863 6d61 6562 2072
6968 6564 2e73 4220 7765 7261 2065 6867
736f 6c74 2079 7547 7261 6964 6e61 7327
7720 6968 7073 7265 2e73 5420 206f 6e75
6f6c 6b63 6d20 6761 6369 7327 7320 6365
6572 2c74 6a20 696f 206e 7250 666f 4d2e
6e6f 6164 276c 2073 7571 7365 2074 6f66
2072 6874 2065 7267 6165 6574 7473 4320
4654 7420 6165 2e6d 4620 6c6f 6f6c 2077
6874 2065 6f6d 6e6f 696c 2074 6170 6874
7720 6568 6572 7420 6568 7420 6572 7365
6520 746e 6977 656e 203b 7073 6165 206b
6874 2065 6c66 6761 2720 694d 6863 6561
536c 6f63 7474 6150 6570 4372 6d6f 6170
796e 2027 7461 6d20 6469 696e 6867 2e74